title:hamster
description:仓鼠添加整理

// Redrix's Estoc - GodPVP (god-pvp)
//notes: 大师射程，82AA很强。 tags:god-pvp
dimwishlist:item=3218364298&perks=4090651448,3142289711,1748774930,4045335048,990298390
dimwishlist:item=3218364298&perks=4090651448,3142289711,1748774930,460017080,990298390
dimwishlist:item=3218364298&perks=4090651448,3142289711,2387244414,4045335048,990298390
dimwishlist:item=3218364298&perks=4090651448,3142289711,2387244414,460017080,990298390


// Redrix's Estoc - PVP (pvp)
//notes: tags:pvp
dimwishlist:item=3218364298&perks=4090651448,3142289711,2387244414,460017080
dimwishlist:item=3218364298&perks=4090651448,3142289711,2387244414,31345821
dimwishlist:item=3218364298&perks=4090651448,3142289711,2387244414,1015611457
dimwishlist:item=3218364298&perks=4090651448,3142289711,2579169598,460017080
dimwishlist:item=3218364298&perks=4090651448,3142289711,2579169598,31345821
dimwishlist:item=3218364298&perks=4090651448,3142289711,2579169598,1015611457
dimwishlist:item=3218364298&perks=4090651448,3142289711,1428297954,460017080
dimwishlist:item=3218364298&perks=4090651448,3142289711,1428297954,31345821
dimwishlist:item=3218364298&perks=4090651448,3142289711,1428297954,1015611457
dimwishlist:item=3218364298&perks=4090651448,106909392,2387244414,460017080
dimwishlist:item=3218364298&perks=4090651448,106909392,2387244414,31345821
dimwishlist:item=3218364298&perks=4090651448,106909392,2387244414,1015611457
dimwishlist:item=3218364298&perks=4090651448,106909392,2579169598,460017080
dimwishlist:item=3218364298&perks=4090651448,106909392,2579169598,31345821
dimwishlist:item=3218364298&perks=4090651448,106909392,2579169598,1015611457
dimwishlist:item=3218364298&perks=4090651448,106909392,1428297954,460017080
dimwishlist:item=3218364298&perks=4090651448,106909392,1428297954,31345821
dimwishlist:item=3218364298&perks=4090651448,106909392,1428297954,1015611457
dimwishlist:item=3218364298&perks=839105230,3142289711,2387244414,460017080
dimwishlist:item=3218364298&perks=839105230,3142289711,2387244414,31345821
dimwishlist:item=3218364298&perks=839105230,3142289711,2387244414,1015611457
dimwishlist:item=3218364298&perks=839105230,3142289711,2579169598,460017080
dimwishlist:item=3218364298&perks=839105230,3142289711,2579169598,31345821
dimwishlist:item=3218364298&perks=839105230,3142289711,2579169598,1015611457
dimwishlist:item=3218364298&perks=839105230,3142289711,1428297954,460017080
dimwishlist:item=3218364298&perks=839105230,3142289711,1428297954,31345821
dimwishlist:item=3218364298&perks=839105230,3142289711,1428297954,1015611457
dimwishlist:item=3218364298&perks=839105230,106909392,2387244414,460017080
dimwishlist:item=3218364298&perks=839105230,106909392,2387244414,31345821
dimwishlist:item=3218364298&perks=839105230,106909392,2387244414,1015611457
dimwishlist:item=3218364298&perks=839105230,106909392,2579169598,460017080
dimwishlist:item=3218364298&perks=839105230,106909392,2579169598,31345821
dimwishlist:item=3218364298&perks=839105230,106909392,2579169598,1015611457
dimwishlist:item=3218364298&perks=839105230,106909392,1428297954,460017080
dimwishlist:item=3218364298&perks=839105230,106909392,1428297954,31345821
dimwishlist:item=3218364298&perks=839105230,106909392,1428297954,1015611457
dimwishlist:item=3218364298&perks=3250034553,3142289711,2387244414,460017080
dimwishlist:item=3218364298&perks=3250034553,3142289711,2387244414,31345821
dimwishlist:item=3218364298&perks=3250034553,3142289711,2387244414,1015611457
dimwishlist:item=3218364298&perks=3250034553,3142289711,2579169598,460017080
dimwishlist:item=3218364298&perks=3250034553,3142289711,2579169598,31345821
dimwishlist:item=3218364298&perks=3250034553,3142289711,2579169598,1015611457
dimwishlist:item=3218364298&perks=3250034553,3142289711,1428297954,460017080
dimwishlist:item=3218364298&perks=3250034553,3142289711,1428297954,31345821
dimwishlist:item=3218364298&perks=3250034553,3142289711,1428297954,1015611457
dimwishlist:item=3218364298&perks=3250034553,106909392,2387244414,460017080
dimwishlist:item=3218364298&perks=3250034553,106909392,2387244414,31345821
dimwishlist:item=3218364298&perks=3250034553,106909392,2387244414,1015611457
dimwishlist:item=3218364298&perks=3250034553,106909392,2579169598,460017080
dimwishlist:item=3218364298&perks=3250034553,106909392,2579169598,31345821
dimwishlist:item=3218364298&perks=3250034553,106909392,2579169598,1015611457
dimwishlist:item=3218364298&perks=3250034553,106909392,1428297954,460017080
dimwishlist:item=3218364298&perks=3250034553,106909392,1428297954,31345821
dimwishlist:item=3218364298&perks=3250034553,106909392,1428297954,1015611457
dimwishlist:item=3218364298&perks=1482024992,3142289711,2387244414,460017080
dimwishlist:item=3218364298&perks=1482024992,3142289711,2387244414,31345821
dimwishlist:item=3218364298&perks=1482024992,3142289711,2387244414,1015611457
dimwishlist:item=3218364298&perks=1482024992,3142289711,2579169598,460017080
dimwishlist:item=3218364298&perks=1482024992,3142289711,2579169598,31345821
dimwishlist:item=3218364298&perks=1482024992,3142289711,2579169598,1015611457
dimwishlist:item=3218364298&perks=1482024992,3142289711,1428297954,460017080
dimwishlist:item=3218364298&perks=1482024992,3142289711,1428297954,31345821
dimwishlist:item=3218364298&perks=1482024992,3142289711,1428297954,1015611457
dimwishlist:item=3218364298&perks=1482024992,106909392,2387244414,460017080
dimwishlist:item=3218364298&perks=1482024992,106909392,2387244414,31345821
dimwishlist:item=3218364298&perks=1482024992,106909392,2387244414,1015611457
dimwishlist:item=3218364298&perks=1482024992,106909392,2579169598,460017080
dimwishlist:item=3218364298&perks=1482024992,106909392,2579169598,31345821
dimwishlist:item=3218364298&perks=1482024992,106909392,2579169598,1015611457
dimwishlist:item=3218364298&perks=1482024992,106909392,1428297954,460017080
dimwishlist:item=3218364298&perks=1482024992,106909392,1428297954,31345821
dimwishlist:item=3218364298&perks=1482024992,106909392,1428297954,1015611457


